$ANSIBLE_VAULT;1.1;AES256
39363865636533663864656431633062363636366461313165326263376634643238653934386366
3363373237666462336136626266666631373832303132610a366461356665363139383965316464
66366635353466383136343539303663366263323731376465333832373932386664373866393461
6466343332646534640a333033376131346563623235623737306237626135323662373738323635
64323939663333646263323465346330666663396532303037303031633739373365373563626530
66313263343734656663353863626161643138646235613038333735396366306531386563313863
31366565653037333137366661373932336132383936666562656537393233323662666366323364
33663864653965666639333338303466633364653838616639663066346130616365663334386235
38356366383138363864353133303862393838633534316333363735623438343865393063386435
31313937383636303565636533613464643438353131633835613965346133386139323739303164
64613335616631653834616131656361363236336533636166653034646165366334643930343833
30366133303061383562303239663736313365396132353061383164323639373334316663346638
63393636323636376137626435616162383534316637376463663630326336383832303131326536
37643738313231336431383061616333356263633462353730666666373065343862643762363963
37363637303230623437396134613430393934653366363335373735363565373435333666393865
62396465376533306432653666353639373636633438346661633864313735373265303461633437
61343764353131333637313131616233623963353065383463633630383964326538633836613937
34613935663466396634656562313334666439633366316135376230373539646631616333666230
37336237613261633737386261396666353563633132643232636333636364653534386434613266
32663163393764313331386264363165366564326331303038333764636430663138386135363733
33636465326437356462313633346232653932616365643161666164356261323463653237373233
63383339343934373565333639386532643731303038616664383661626438636437376331626438
35656432646630323536653535633866393563643634333539633530336339333032373336376261
63376532313132306361663130623961346363356231623234346262343266643333333035323162
31393834393661333236613762393561306131336531396438353933313930306330
