$ANSIBLE_VAULT;1.1;AES256
61373339633036613161353833303235366131386335346436613434616436616237613662343830
3330313035393735313433656463353466333465323632650a346562666231626362306237336465
35663138613462306531666639653535656538353165653566343237653564323534303963333531
3532303131396265610a396163656665613832613430666161303636363937303634316333333235
33396630626236623333643235333732616663623431343366306339373930623761623833633265
34633135343032323163363336366231643730333635636136326364333066323362323035616438
64353764626334303661636432616364323739333862396263656334353633363131386132373331
35663538383635303131613764393735633130386136623939333138393463373035626564343163
38346233336132663563303939316165396663633061316335383334333530386335326635613034
33373465633764666430363639623436643839336163363264373336363137663538393864373339
66636663363133396533643036633966333836656262333632653030383335623037366534626237
32396634363237613136346366393466376665623431393935633931336230383530313137616438
65656561393364363561373738623338643661376465333436393563393861313562613230366238
31623839343866393135323331613339643565396432373061623965316566646531643537326662
31303431626235376637323838363639373635326633383130386266393835346639376434623466
63366264656538643666653238316434663431663735336632366462623533646335623835303361
34376338326134393436356638303335616332653732303261316330653265323839656139366235
63336633353438653862633665363933656538346535346464366636616636353765656239616230
30346132643464643631396632633338366461623431613535343539323963613534383337313138
32623566666239666262623030393236356338623036323366323531653538323531386632366464
64386363663662333865353561633066636437653430616637653065626634623865373565333134
65633630393037643836303032373664663766666335643430363566303063646261656666663733
64393932666237376261636337316135336632306365383037613963373639653134626134373163
64346262376632326663303935613133373162653330353464353665376464376339356133373263
36333833333466313663616264376161323865643166383961633666323237303137303131356631
39323461653761643264396562363764633765316462386661356564626163633033346361613536
31303032623433653733323332646335323064316639633263333533616230393034306264303632
34633139626232613235303135326330613564646462323361393838623265376330303062363561
34316462353237373865326665363539393836613536333161633962313162383666653939306130
30323432373136623537323562643665303639633763356131343734303330373032376662623864
66313634376232643863386135653634323339383465616165373039633662373937623638353833
32653164343338616631303936393935643133333765633363636633663063343234363039323063
30383765336434643165633336313332316138336465643230336638396432653337333565323166
64653739303135313035353530623231363038633832326230396530656662613464353936346634
653432666134363132643634343637333134
