$ANSIBLE_VAULT;1.1;AES256
62313030633962333365336430323066663133373665613936646235616265336666346132336334
3738363832376131346239346361346531306531336536360a303264393962343466626665313336
30393432353236303138373835313361643030366434316532393036613465653764636462653663
3834373865643931330a313631633834633966613431333861336263396563346432326631313661
62653734393266313834333836343938323036323634316563363666326362373231613165363536
66653466343861323062386230396232343466353539303430333830633264346631323139616536
61323031386665383761633237393662616262323531333966393161666233346630333834323064
37366332633064653636613938313539303236386261333663333833333464383734373437323439
30363263393538313430346333646431346264643431383461666238383632366437336165323838
64393632666537356165646432396461653636393638626637393562373862383738633531323735
38333863373830653336323134383465363563326162373430306164393461386463656363313632
65376463343962633263333436316538376130643064623331366434303138373734353765663535
61313662383532313639323730346462333935363937306139343534643565636465313361323832
31613665366665303534383963663662343564383866323331623336353363303565393537666362
30386433313863616633383465663362326132373439656533643132663630363133306363653733
31643962656166356264656434316639643133663434373738313630386433376434626165366566
35323862333561383134356365643762666531383566303631353736663131626634373961656362
39316535333339303137323665373666333763383830363631386432363965383231316165663431
30666564646332643130383338363635643533383735663637353464353765393161623932623638
66633461623962346566626665303433356634386262363335663831653963613666633833643966
39323532313434363063326439333666303032353334666131613266316166646331346432326438
65643035643534326264663562653732356264646332363763396434636432313366303663346564
39633639623735366163613339383432343138666566643837383736366130653933373339356162
39656434336537613134313264396633363664333566306563333639376631313837613831386164
64343531633966636239346163303538316538326139353332373364333231373438
